param nproductos := 2;
param nplantas := 2;
param nperiodos := 5;
param nciudades := 2;
param nbodegas := 3;

param Q :=
1 600
2 210
3 1030
;

param S: 1 2 3 4 5 :=
1 200	600	260	1010	128
2 400	420	270	30	129
;

param F: 1 2 3 4 5 :=
1 1000	1000	1000	1000	1000
2 1000	1000	1000	1000	1000
3 1000	1000	1000	1000	1000
;

param E: 1 2 3:=
1 100 100 100
2 100 100 100
;

param P :=
1 100
2 200
;

param D :=
1	1	1	100
2	1	1	0
1	1	2	500
2	1	2	120
1	1	3	120
2	1	3	90
1	1	4	0
2	1	4	10
1	1	5	83
2	1	5	99
1	2	1	200
2	2	1	300
1	2	2	250
2	2	2	150
1	2	3	240
2	2	3	80
1	2	4	1000
2	2	4	30
1	2	5	0
2	2	5	75
;



